./dataset/imgs/clock_20200102_101.jpg 891,2,995,1078,0 888,563,983,1077,1
./dataset/imgs/clock_20200102_101_flip_type-1.jpg 925,2,1029,1078,0 937,3,1032,517,1
./dataset/imgs/clock_20200102_101_flip_type0.jpg 891,2,995,1078,0 888,3,983,517,1
./dataset/imgs/clock_20200102_101_flip_type1.jpg 925,2,1029,1078,0 937,563,1032,1077,1
./dataset/imgs/clock_20200102_102.jpg 842,1,983,1080,0 837,607,970,1079,1
./dataset/imgs/clock_20200102_102_flip_type-1.jpg 937,0,1078,1079,0 950,1,1083,473,1
./dataset/imgs/clock_20200102_102_flip_type0.jpg 842,0,983,1079,0 837,1,970,473,1
./dataset/imgs/clock_20200102_102_flip_type1.jpg 937,1,1078,1080,0 950,607,1083,1079,1
./dataset/imgs/clock_20200102_104.jpg 900,3,998,1080,0 901,547,983,1080,1
./dataset/imgs/clock_20200102_104_flip_type-1.jpg 922,0,1020,1077,0 937,0,1019,533,1
./dataset/imgs/clock_20200102_104_flip_type0.jpg 900,0,998,1077,0 901,0,983,533,1
./dataset/imgs/clock_20200102_104_flip_type1.jpg 922,3,1020,1080,0 937,547,1019,1080,1
./dataset/imgs/clock_20200102_105.jpg 899,4,1006,1080,0 897,535,991,1079,1
./dataset/imgs/clock_20200102_105_flip_type-1.jpg 914,0,1021,1076,0 929,1,1023,545,1
./dataset/imgs/clock_20200102_105_flip_type0.jpg 899,0,1006,1076,0 897,1,991,545,1
./dataset/imgs/clock_20200102_105_flip_type1.jpg 914,4,1021,1080,0 929,535,1023,1079,1
./dataset/imgs/clock_20200102_106_flip_type-1.jpg 923,0,1028,1076,0 933,1,1026,544,1
./dataset/imgs/clock_20200102_106_flip_type0.jpg 892,0,997,1076,0 894,1,987,544,1
./dataset/imgs/clock_20200102_106_flip_type1.jpg 923,4,1028,1080,0 933,536,1026,1079,1
./dataset/imgs/clock_20200102_114.jpg 852,4,931,1080,0 854,375,929,1080,1
./dataset/imgs/clock_20200102_114_flip_type-1.jpg 989,0,1068,1076,0 991,0,1066,705,1
./dataset/imgs/clock_20200102_114_flip_type0.jpg 852,0,931,1076,0 854,0,929,705,1
./dataset/imgs/clock_20200102_114_flip_type1.jpg 989,4,1068,1080,0 991,375,1066,1080,1
./dataset/imgs/clock_20200102_115.jpg 850,2,930,1080,0 851,418,924,1078,1
./dataset/imgs/clock_20200102_115_flip_type-1.jpg 990,0,1070,1078,0 996,2,1069,662,1
./dataset/imgs/clock_20200102_115_flip_type0.jpg 850,0,930,1078,0 851,2,924,662,1
./dataset/imgs/clock_20200102_115_flip_type1.jpg 990,2,1070,1080,0 996,418,1069,1078,1
./dataset/imgs/clock_20200102_116.jpg 846,3,939,1080,0 847,429,927,1080,1
./dataset/imgs/clock_20200102_116_flip_type-1.jpg 981,0,1074,1077,0 993,0,1073,651,1
./dataset/imgs/clock_20200102_116_flip_type0.jpg 846,0,939,1077,0 847,0,927,651,1
./dataset/imgs/clock_20200102_116_flip_type1.jpg 981,3,1074,1080,0 993,429,1073,1080,1
./dataset/imgs/clock_20200102_121.jpg 1572,1,1660,1079,0 1580,461,1654,1075,1
./dataset/imgs/clock_20200102_121_flip_type-1.jpg 260,1,348,1079,0 266,5,340,619,1
./dataset/imgs/clock_20200102_121_flip_type0.jpg 1572,1,1660,1079,0 1580,5,1654,619,1
./dataset/imgs/clock_20200102_121_flip_type1.jpg 260,1,348,1079,0 266,461,340,1075,1
./dataset/imgs/clock_20200102_122.jpg 1574,2,1667,1080,0 1567,463,1655,1080,1
./dataset/imgs/clock_20200102_122_flip_type-1.jpg 253,0,346,1078,0 265,0,353,617,1
./dataset/imgs/clock_20200102_122_flip_type0.jpg 1574,0,1667,1078,0 1567,0,1655,617,1
./dataset/imgs/clock_20200102_122_flip_type1.jpg 253,2,346,1080,0 265,463,353,1080,1
./dataset/imgs/clock_20200102_123.jpg 1571,6,1661,1080,0 1574,447,1666,1078,1
./dataset/imgs/clock_20200102_123_flip_type-1.jpg 259,0,349,1074,0 254,2,346,633,1
./dataset/imgs/clock_20200102_123_flip_type0.jpg 1571,0,1661,1074,0 1574,2,1666,633,1
./dataset/imgs/clock_20200102_123_flip_type1.jpg 259,6,349,1080,0 254,447,346,1078,1
./dataset/imgs/clock_20200102_124_flip_type-1.jpg 248,0,352,1079,0 261,0,348,627,1
./dataset/imgs/clock_20200102_124_flip_type0.jpg 1568,0,1672,1079,0 1572,0,1659,627,1
./dataset/imgs/clock_20200102_124_flip_type1.jpg 248,1,352,1080,0 261,453,348,1080,1
./dataset/imgs/clock_20200102_125.jpg 1570,2,1666,1080,0 1573,411,1658,1078,1
./dataset/imgs/clock_20200102_125_flip_type-1.jpg 254,0,350,1078,0 262,2,347,669,1
./dataset/imgs/clock_20200102_125_flip_type0.jpg 1570,0,1666,1078,0 1573,2,1658,669,1
./dataset/imgs/clock_20200102_125_flip_type1.jpg 254,2,350,1080,0 262,411,347,1078,1
./dataset/imgs/clock_20200102_126.jpg 498,175,582,1079,0 502,638,577,1079,1
./dataset/imgs/clock_20200102_126_flip_type-1.jpg 1338,1,1422,905,0 1343,1,1418,442,1
./dataset/imgs/clock_20200102_126_flip_type0.jpg 498,1,582,905,0 502,1,577,442,1
./dataset/imgs/clock_20200102_126_flip_type1.jpg 1338,175,1422,1079,0 1343,638,1418,1079,1
./dataset/imgs/clock_20200102_127.jpg 510,4,584,986,0 515,199,580,982,1
./dataset/imgs/clock_20200102_127_flip_type-1.jpg 1336,94,1410,1076,0 1340,98,1405,881,1
./dataset/imgs/clock_20200102_127_flip_type0.jpg 510,94,584,1076,0 515,98,580,881,1
./dataset/imgs/clock_20200102_127_flip_type1.jpg 1336,4,1410,986,0 1340,199,1405,982,1
./dataset/imgs/clock_20200102_128.jpg 507,4,582,986,0 504,242,583,982,1
./dataset/imgs/clock_20200102_128_flip_type-1.jpg 1338,94,1413,1076,0 1337,98,1416,838,1
./dataset/imgs/clock_20200102_128_flip_type1.jpg 1338,4,1413,986,0 1337,242,1416,982,1
./dataset/imgs/clock_20200102_129.jpg 875,3,940,1080,0 872,704,941,1079,1
./dataset/imgs/clock_20200102_129_flip_type-1.jpg 980,0,1045,1077,0 979,1,1048,376,1
./dataset/imgs/clock_20200102_129_flip_type0.jpg 875,0,940,1077,0 872,1,941,376,1
./dataset/imgs/clock_20200102_129_flip_type1.jpg 980,3,1045,1080,0 979,704,1048,1079,1
./dataset/imgs/clock_20200102_130.jpg 878,3,942,1080,0 867,704,940,1079,1
./dataset/imgs/clock_20200102_130_flip_type0.jpg 878,0,942,1077,0 867,1,940,376,1
./dataset/imgs/clock_20200102_130_flip_type1.jpg 978,3,1042,1080,0 980,704,1053,1079,1
./dataset/imgs/clock_20200102_131.jpg 1335,1,1412,1050,0 1334,299,1410,1052,1
./dataset/imgs/clock_20200102_131_flip_type0.jpg 1335,30,1412,1079,0 1334,28,1410,781,1
./dataset/imgs/clock_20200102_131_flip_type1.jpg 508,1,585,1050,0 510,299,586,1052,1
./dataset/imgs/clock_20200102_132.jpg 1331,1,1409,1053,0 1327,325,1416,1052,1
./dataset/imgs/clock_20200102_132_flip_type-1.jpg 511,27,589,1079,0 504,28,593,755,1
./dataset/imgs/clock_20200102_132_flip_type0.jpg 1331,27,1409,1079,0 1327,28,1416,755,1
./dataset/imgs/clock_20200102_132_flip_type1.jpg 511,1,589,1053,0 504,325,593,1052,1
./dataset/imgs/clock_20200102_133.jpg 1328,4,1399,1050,0 1331,322,1404,1049,1
./dataset/imgs/clock_20200102_133_flip_type-1.jpg 521,30,592,1076,0 516,31,589,758,1
./dataset/imgs/clock_20200102_133_flip_type0.jpg 1328,30,1399,1076,0 1331,31,1404,758,1
./dataset/imgs/clock_20200102_133_flip_type1.jpg 521,4,592,1050,0 516,322,589,1049,1
./dataset/imgs/clock_20200102_134_flip_type-1.jpg 1782,27,1850,1078,0 1782,28,1848,720,1
./dataset/imgs/clock_20200102_134_flip_type0.jpg 70,27,138,1078,0 72,28,138,720,1
./dataset/imgs/clock_20200102_134_flip_type1.jpg 1782,2,1850,1053,0 1782,360,1848,1052,1
./dataset/imgs/clock_20200102_136.jpg 414,3,470,1059,0 412,588,470,1059,1
./dataset/imgs/clock_20200102_136_flip_type-1.jpg 1450,21,1506,1077,0 1450,21,1508,492,1
./dataset/imgs/clock_20200102_136_flip_type0.jpg 414,21,470,1077,0 412,21,470,492,1
./dataset/imgs/clock_20200102_136_flip_type1.jpg 1450,3,1506,1059,0 1450,588,1508,1059,1
./dataset/imgs/clock_20200102_137.jpg 423,3,480,1059,0 423,595,481,1061,1
./dataset/imgs/clock_20200102_137_flip_type-1.jpg 1440,21,1497,1077,0 1439,19,1497,485,1
./dataset/imgs/clock_20200102_137_flip_type0.jpg 423,21,480,1077,0 423,19,481,485,1
./dataset/imgs/clock_20200102_137_flip_type1.jpg 1440,3,1497,1059,0 1439,595,1497,1061,1
./dataset/imgs/clock_20200102_138.jpg 785,3,856,1080,0 783,446,851,1079,1
./dataset/imgs/clock_20200102_138_flip_type-1.jpg 1064,0,1135,1077,0 1069,1,1137,634,1
./dataset/imgs/clock_20200102_138_flip_type0.jpg 785,0,856,1077,0 783,1,851,634,1
./dataset/imgs/clock_20200102_140_flip_type-1.jpg 1222,0,1336,1077,0 1222,0,1333,756,1
./dataset/imgs/clock_20200102_140_flip_type0.jpg 584,0,698,1077,0 587,0,698,756,1
./dataset/imgs/clock_20200102_140_flip_type1.jpg 1222,3,1336,1080,0 1222,324,1333,1080,1
./dataset/imgs/clock_20200102_142.jpg 587,3,703,1080,0 587,363,702,1077,1
./dataset/imgs/clock_20200102_142_flip_type-1.jpg 1217,0,1333,1077,0 1218,3,1333,717,1
./dataset/imgs/clock_20200102_142_flip_type0.jpg 587,0,703,1077,0 587,3,702,717,1
./dataset/imgs/clock_20200102_143_flip_type-1.jpg 521,1,645,1076,0 532,0,643,763,1
./dataset/imgs/clock_20200102_143_flip_type0.jpg 1275,1,1399,1076,0 1277,0,1388,763,1
./dataset/imgs/clock_20200102_143_flip_type1.jpg 521,4,645,1079,0 532,317,643,1080,1
./dataset/imgs/clock_20200102_144.jpg 1278,4,1386,1080,0 1270,417,1383,1080,1
./dataset/imgs/clock_20200102_144_flip_type-1.jpg 534,0,642,1076,0 537,0,650,663,1
./dataset/imgs/clock_20200102_144_flip_type0.jpg 1278,0,1386,1076,0 1270,0,1383,663,1
./dataset/imgs/clock_20200102_144_flip_type1.jpg 534,4,642,1080,0 537,417,650,1080,1
./dataset/imgs/clock_20200102_146.jpg 912,6,980,1080,0 908,453,972,1078,1
./dataset/imgs/clock_20200102_146_flip_type-1.jpg 940,0,1008,1074,0 948,2,1012,627,1
./dataset/imgs/clock_20200102_146_flip_type0.jpg 912,0,980,1074,0 908,2,972,627,1
./dataset/imgs/clock_20200102_146_flip_type1.jpg 940,6,1008,1080,0 948,453,1012,1078,1
./dataset/imgs/clock_20200102_147.jpg 605,2,680,1080,0 613,484,672,1080,1
./dataset/imgs/clock_20200102_147_flip_type1.jpg 1240,2,1315,1080,0 1248,484,1307,1080,1
./dataset/imgs/clock_20200102_148.jpg 98,6,176,1080,0 95,493,172,1080,1
./dataset/imgs/clock_20200102_148_flip_type-1.jpg 1744,0,1822,1074,0 1748,0,1825,587,1
./dataset/imgs/clock_20200102_148_flip_type0.jpg 98,0,176,1074,0 95,0,172,587,1
./dataset/imgs/clock_20200102_148_flip_type1.jpg 1744,6,1822,1080,0 1748,493,1825,1080,1
./dataset/imgs/clock_20200102_149.jpg 1195,2,1269,1078,0 1188,446,1262,1078,1
./dataset/imgs/clock_20200102_149_flip_type-1.jpg 651,2,725,1078,0 658,2,732,634,1
./dataset/imgs/clock_20200102_149_flip_type1.jpg 651,2,725,1078,0 658,446,732,1078,1
./dataset/imgs/clock_20200102_151.jpg 1699,1,1794,1079,0 1698,552,1772,1080,1
./dataset/imgs/clock_20200102_151_flip_type-1.jpg 126,1,221,1079,0 148,0,222,528,1
./dataset/imgs/clock_20200102_151_flip_type0.jpg 1699,1,1794,1079,0 1698,0,1772,528,1
./dataset/imgs/clock_20200102_151_flip_type1.jpg 126,1,221,1079,0 148,552,222,1080,1
./dataset/imgs/clock_20200102_155_flip_type-1.jpg 1117,52,1185,1078,0 1126,56,1182,680,1
./dataset/imgs/clock_20200102_155_flip_type0.jpg 735,52,803,1078,0 738,56,794,680,1
./dataset/imgs/clock_20200102_155_flip_type1.jpg 1117,2,1185,1028,0 1126,400,1182,1024,1
./dataset/imgs/clock_20200102_156.jpg 743,4,812,1013,0 738,385,808,1013,1
./dataset/imgs/clock_20200102_156_flip_type-1.jpg 1108,67,1177,1076,0 1112,67,1182,695,1
./dataset/imgs/clock_20200102_157.jpg 737,3,805,1007,0 737,399,802,1006,1
./dataset/imgs/clock_20200102_157_flip_type-1.jpg 1115,73,1183,1077,0 1118,74,1183,681,1
./dataset/imgs/clock_20200102_157_flip_type1.jpg 1115,3,1183,1007,0 1118,399,1183,1006,1
./dataset/imgs/clock_20200102_158_flip_type-1.jpg 1124,71,1186,1074,0 1125,74,1185,671,1
./dataset/imgs/clock_20200102_158_flip_type1.jpg 1124,6,1186,1009,0 1125,409,1185,1006,1
./dataset/imgs/clock_20200102_159.jpg 742,3,809,1010,0 744,388,808,1010,1
./dataset/imgs/clock_20200102_159_flip_type-1.jpg 1111,70,1178,1077,0 1112,70,1176,692,1
./dataset/imgs/clock_20200102_159_flip_type0.jpg 742,70,809,1077,0 744,70,808,692,1
./dataset/imgs/clock_20200102_159_flip_type1.jpg 1111,3,1178,1010,0 1112,388,1176,1010,1
./dataset/imgs/clock_20200102_160.jpg 739,4,806,1022,0 740,364,804,1017,1
./dataset/imgs/clock_20200102_160_flip_type-1.jpg 1114,58,1181,1076,0 1116,63,1180,716,1
./dataset/imgs/clock_20200102_160_flip_type0.jpg 739,58,806,1076,0 740,63,804,716,1
./dataset/imgs/clock_20200102_160_flip_type1.jpg 1114,4,1181,1022,0 1116,364,1180,1017,1
./dataset/imgs/clock_20200102_161.jpg 605,3,705,1080,0 608,338,697,1080,1
./dataset/imgs/clock_20200102_161_flip_type-1.jpg 1215,0,1315,1077,0 1223,0,1312,742,1
./dataset/imgs/clock_20200102_161_flip_type0.jpg 605,0,705,1077,0 608,0,697,742,1
./dataset/imgs/clock_20200102_161_flip_type1.jpg 1215,3,1315,1080,0 1223,338,1312,1080,1
./dataset/imgs/clock_20200102_162.jpg 521,7,626,1080,0 517,735,610,1080,1
./dataset/imgs/clock_20200102_162_flip_type-1.jpg 1294,0,1399,1073,0 1310,0,1403,345,1
./dataset/imgs/clock_20200102_162_flip_type0.jpg 521,0,626,1073,0 517,0,610,345,1
./dataset/imgs/clock_20200102_162_flip_type1.jpg 1294,7,1399,1080,0 1310,735,1403,1080,1
./dataset/imgs/clock_20200102_163.jpg 517,7,621,1080,0 516,689,616,1078,1
./dataset/imgs/clock_20200102_163_flip_type-1.jpg 1299,0,1403,1073,0 1304,2,1404,391,1
./dataset/imgs/clock_20200102_163_flip_type0.jpg 517,0,621,1073,0 516,2,616,391,1
./dataset/imgs/clock_20200102_163_flip_type1.jpg 1299,7,1403,1080,0 1304,689,1404,1078,1
./dataset/imgs/clock_20200102_164.jpg 509,2,621,1080,0 516,178,617,1077,1
./dataset/imgs/clock_20200102_164_flip_type-1.jpg 1299,0,1411,1078,0 1303,3,1404,902,1
./dataset/imgs/clock_20200102_164_flip_type0.jpg 509,0,621,1078,0 516,3,617,902,1
./dataset/imgs/clock_20200102_164_flip_type1.jpg 1299,2,1411,1080,0 1303,178,1404,1077,1
./dataset/imgs/clock_20200102_165.jpg 678,2,757,1028,0 680,259,756,1024,1
./dataset/imgs/clock_20200102_165_flip_type0.jpg 678,52,757,1078,0 680,56,756,821,1
./dataset/imgs/clock_20200102_165_flip_type1.jpg 1163,2,1242,1028,0 1164,259,1240,1024,1
./dataset/imgs/clock_20200102_166.jpg 906,2,982,1032,0 897,239,972,1032,1
./dataset/imgs/clock_20200102_166_flip_type-1.jpg 938,48,1014,1078,0 948,48,1023,841,1
./dataset/imgs/clock_20200102_166_flip_type0.jpg 906,48,982,1078,0 897,48,972,841,1
./dataset/imgs/clock_20200102_166_flip_type1.jpg 938,2,1014,1032,0 948,239,1023,1032,1
./dataset/imgs/clock_20200102_167.jpg 53,3,132,1047,0 54,243,137,1042,1
./dataset/imgs/clock_20200102_167_flip_type-1.jpg 1788,33,1867,1077,0 1783,38,1866,837,1
./dataset/imgs/clock_20200102_167_flip_type0.jpg 53,33,132,1077,0 54,38,137,837,1
./dataset/imgs/clock_20200102_167_flip_type1.jpg 1788,3,1867,1047,0 1783,243,1866,1042,1
./dataset/imgs/clock_20200102_168.jpg 1199,1,1274,1031,0 1185,240,1272,1035,1
./dataset/imgs/clock_20200102_168_flip_type-1.jpg 646,49,721,1079,0 648,45,735,840,1
./dataset/imgs/clock_20200102_168_flip_type0.jpg 1199,49,1274,1079,0 1185,45,1272,840,1
./dataset/imgs/clock_20200102_168_flip_type1.jpg 646,1,721,1031,0 648,240,735,1035,1
./dataset/imgs/clock_20200102_169.jpg 1184,2,1277,1032,0 1184,259,1277,1031,1
./dataset/imgs/clock_20200102_169_flip_type-1.jpg 643,48,736,1078,0 643,49,736,821,1
./dataset/imgs/clock_20200102_169_flip_type1.jpg 643,2,736,1032,0 643,259,736,1031,1
./dataset/imgs/clock_20200102_268.jpg 954,2,1012,1007,0 954,664,1012,1007,1
./dataset/imgs/clock_20200102_268_flip_type-1.jpg 908,73,966,1078,0 908,73,966,416,1
./dataset/imgs/clock_20200102_268_flip_type0.jpg 954,73,1012,1078,0 954,73,1012,416,1
./dataset/imgs/clock_20200102_268_flip_type1.jpg 908,2,966,1007,0 908,664,966,1007,1
./dataset/imgs/clock_20200102_269.jpg 955,110,1013,1080,0 962,915,1006,1079,1
./dataset/imgs/clock_20200102_269_flip_type0.jpg 955,0,1013,970,0 962,1,1006,165,1
./dataset/imgs/clock_20200102_269_flip_type1.jpg 907,110,965,1080,0 914,915,958,1079,1
./dataset/imgs/clock_20200102_273.jpg 985,2,1105,1080,0 980,471,1101,1080,1
./dataset/imgs/clock_20200102_273_flip_type-1.jpg 815,0,935,1078,0 819,0,940,609,1
./dataset/imgs/clock_20200102_273_flip_type0.jpg 985,0,1105,1078,0 980,0,1101,609,1
./dataset/imgs/clock_20200102_276.jpg 980,3,1090,1080,0 985,379,1076,1079,1
./dataset/imgs/clock_20200102_276_flip_type0.jpg 980,0,1090,1077,0 985,1,1076,701,1
./dataset/imgs/clock_20200102_276_flip_type1.jpg 830,3,940,1080,0 844,379,935,1079,1
./dataset/imgs/clock_20200102_277.jpg 977,4,1077,1080,0 979,382,1073,1080,1
./dataset/imgs/clock_20200102_277_flip_type-1.jpg 843,0,943,1076,0 847,0,941,698,1
./dataset/imgs/clock_20200102_277_flip_type0.jpg 977,0,1077,1076,0 979,0,1073,698,1
./dataset/imgs/clock_20200102_277_flip_type1.jpg 843,4,943,1080,0 847,382,941,1080,1
./dataset/imgs/clock_20200102_282.jpg 979,1,1074,1080,0 984,404,1074,1080,1
./dataset/imgs/clock_20200102_282_flip_type-1.jpg 846,0,941,1079,0 846,0,936,676,1
./dataset/imgs/clock_20200102_282_flip_type0.jpg 979,0,1074,1079,0 984,0,1074,676,1
./dataset/imgs/clock_20200102_282_flip_type1.jpg 846,1,941,1080,0 846,404,936,1080,1
./dataset/imgs/clock_20200102_287.jpg 940,2,995,1064,0 941,706,991,1059,1
./dataset/imgs/clock_20200102_287_flip_type-1.jpg 925,16,980,1078,0 929,21,979,374,1
./dataset/imgs/clock_20200102_287_flip_type0.jpg 940,16,995,1078,0 941,21,991,374,1
./dataset/imgs/clock_20200102_287_flip_type1.jpg 925,2,980,1064,0 929,706,979,1059,1
./dataset/imgs/clock_20200102_291.jpg 976,2,1069,1079,0 979,827,1060,1079,1
./dataset/imgs/clock_20200102_291_flip_type-1.jpg 851,1,944,1078,0 860,1,941,253,1
./dataset/imgs/clock_20200102_291_flip_type0.jpg 976,1,1069,1078,0 979,1,1060,253,1
./dataset/imgs/clock_20200102_291_flip_type1.jpg 851,2,944,1079,0 860,827,941,1079,1
./dataset/imgs/clock_20200102_509.jpg 967,2,1030,1080,0 963,797,1023,1078,1
./dataset/imgs/clock_20200102_509_flip_type-1.jpg 890,0,953,1078,0 897,2,957,283,1
./dataset/imgs/clock_20200102_509_flip_type0.jpg 967,0,1030,1078,0 963,2,1023,283,1
./dataset/imgs/clock_20200102_509_flip_type1.jpg 890,2,953,1080,0 897,797,957,1078,1
./dataset/imgs/clock_20200102_511.jpg 956,1,1007,1010,0 951,663,1010,1009,1
./dataset/imgs/clock_20200102_511_flip_type-1.jpg 913,70,964,1079,0 910,71,969,417,1
./dataset/imgs/clock_20200102_511_flip_type0.jpg 956,70,1007,1079,0 951,71,1010,417,1
./dataset/imgs/clock_20200102_511_flip_type1.jpg 913,1,964,1010,0 910,663,969,1009,1
./dataset/imgs/clock_20200102_513.jpg 956,111,1018,1080,0 955,904,1012,1079,1
./dataset/imgs/clock_20200102_513_flip_type-1.jpg 902,0,964,969,0 908,1,965,176,1
./dataset/imgs/clock_20200102_513_flip_type0.jpg 956,0,1018,969,0 955,1,1012,176,1
./dataset/imgs/clock_20200102_513_flip_type1.jpg 902,111,964,1080,0 908,904,965,1079,1
./dataset/imgs/clock_20200102_515.jpg 996,1,1110,1080,0 985,472,1098,1080,1
./dataset/imgs/clock_20200102_515_flip_type-1.jpg 810,0,924,1079,0 822,0,935,608,1
./dataset/imgs/clock_20200102_515_flip_type0.jpg 996,0,1110,1079,0 985,0,1098,608,1
./dataset/imgs/clock_20200102_515_flip_type1.jpg 810,1,924,1080,0 822,472,935,1080,1
./dataset/imgs/clock_20200102_516.jpg 857,1,923,1079,0 859,395,929,1080,1
./dataset/imgs/clock_20200102_516_flip_type-1.jpg 997,1,1063,1079,0 991,0,1061,685,1
./dataset/imgs/clock_20200102_516_flip_type0.jpg 857,1,923,1079,0 859,0,929,685,1
./dataset/imgs/clock_20200102_516_flip_type1.jpg 997,1,1063,1079,0 991,395,1061,1080,1
./dataset/imgs/clock_20200102_519.jpg 859,3,931,1080,0 851,440,937,1079,1
./dataset/imgs/clock_20200102_519_flip_type-1.jpg 989,0,1061,1077,0 983,1,1069,640,1
./dataset/imgs/clock_20200102_519_flip_type0.jpg 859,0,931,1077,0 851,1,937,640,1
./dataset/imgs/clock_20200102_519_flip_type1.jpg 989,3,1061,1080,0 983,440,1069,1079,1
./dataset/imgs/clock_20200102_523.jpg 73,3,140,1080,0 69,415,152,1078,1
./dataset/imgs/clock_20200102_523_flip_type-1.jpg 1780,0,1847,1077,0 1768,2,1851,665,1
./dataset/imgs/clock_20200102_523_flip_type0.jpg 73,0,140,1077,0 69,2,152,665,1
./dataset/imgs/clock_20200102_523_flip_type1.jpg 1780,3,1847,1080,0 1768,415,1851,1078,1
./dataset/imgs/clock_20200102_525.jpg 1575,6,1661,1080,0 1569,445,1658,1079,1
./dataset/imgs/clock_20200102_525_flip_type-1.jpg 259,0,345,1074,0 262,1,351,635,1
./dataset/imgs/clock_20200102_525_flip_type0.jpg 1575,0,1661,1074,0 1569,1,1658,635,1
./dataset/imgs/clock_20200102_525_flip_type1.jpg 259,6,345,1080,0 262,445,351,1079,1
./dataset/imgs/clock_20200102_527.jpg 507,170,577,1077,0 510,585,579,1080,1
./dataset/imgs/clock_20200102_527_flip_type-1.jpg 1343,3,1413,910,0 1341,0,1410,495,1
./dataset/imgs/clock_20200102_527_flip_type0.jpg 507,3,577,910,0 510,0,579,495,1
./dataset/imgs/clock_20200102_529.jpg 509,6,589,988,0 502,243,587,979,1
./dataset/imgs/clock_20200102_529_flip_type-1.jpg 1331,92,1411,1074,0 1333,101,1418,837,1
./dataset/imgs/clock_20200102_529_flip_type0.jpg 509,92,589,1074,0 502,101,587,837,1
./dataset/imgs/clock_20200102_529_flip_type1.jpg 1331,6,1411,988,0 1333,243,1418,979,1
./dataset/imgs/clock_20200102_533.jpg 1327,3,1405,1049,0 1327,328,1408,1053,1
./dataset/imgs/clock_20200102_533_flip_type-1.jpg 515,31,593,1077,0 512,27,593,752,1
./dataset/imgs/clock_20200102_533_flip_type0.jpg 1327,31,1405,1077,0 1327,27,1408,752,1
./dataset/imgs/clock_20200102_533_flip_type1.jpg 515,3,593,1049,0 512,328,593,1053,1
./dataset/imgs/clock_20200102_539.jpg 792,3,849,1079,0 788,456,860,1079,1
./dataset/imgs/clock_20200102_539_flip_type-1.jpg 1071,1,1128,1077,0 1060,1,1132,624,1
./dataset/imgs/clock_20200102_539_flip_type1.jpg 1071,3,1128,1079,0 1060,456,1132,1079,1
./dataset/imgs/clock_20200102_541.jpg 589,4,706,1080,0 591,335,700,1080,1
./dataset/imgs/clock_20200102_541_flip_type-1.jpg 1214,0,1331,1076,0 1220,0,1329,745,1
./dataset/imgs/clock_20200102_541_flip_type0.jpg 589,0,706,1076,0 591,0,700,745,1
./dataset/imgs/clock_20200102_541_flip_type1.jpg 1214,4,1331,1080,0 1220,335,1329,1080,1
./dataset/imgs/clock_20200102_543.jpg 1198,6,1285,1080,0 1190,502,1290,1080,1
./dataset/imgs/clock_20200102_543_flip_type-1.jpg 635,0,722,1074,0 630,0,730,578,1
./dataset/imgs/clock_20200102_543_flip_type0.jpg 1198,0,1285,1074,0 1190,0,1290,578,1
./dataset/imgs/clock_20200102_545.jpg 734,1,812,1007,0 737,374,808,1011,1
./dataset/imgs/clock_20200102_545_flip_type-1.jpg 1108,73,1186,1079,0 1112,69,1183,706,1
./dataset/imgs/clock_20200102_545_flip_type1.jpg 1108,1,1186,1007,0 1112,374,1183,1011,1
./dataset/imgs/clock_20200102_71.jpg 1573,1,1663,1074,0 1587,654,1637,1078,1
./dataset/imgs/clock_20200102_71_flip_type-1.jpg 257,6,347,1079,0 283,2,333,426,1
./dataset/imgs/clock_20200102_71_flip_type1.jpg 257,1,347,1074,0 283,654,333,1078,1
./dataset/imgs/clock_20200102_72_flip_type-1.jpg 1808,9,1863,1076,0 1820,3,1860,434,1
./dataset/imgs/clock_20200102_72_flip_type0.jpg 57,9,112,1076,0 60,3,100,434,1
./dataset/imgs/clock_20200102_72_flip_type1.jpg 1808,4,1863,1071,0 1820,646,1860,1077,1
./dataset/imgs/clock_20200102_73.jpg 385,1,452,1080,0 391,653,435,1079,1
./dataset/imgs/clock_20200102_73_flip_type-1.jpg 1468,0,1535,1079,0 1485,1,1529,427,1
./dataset/imgs/clock_20200102_73_flip_type0.jpg 385,0,452,1079,0 391,1,435,427,1
./dataset/imgs/clock_20200102_73_flip_type1.jpg 1468,1,1535,1080,0 1485,653,1529,1079,1
./dataset/imgs/clock_20200102_74.jpg 1569,1,1670,1075,0 1582,193,1657,1077,1
./dataset/imgs/clock_20200102_74_flip_type-1.jpg 250,5,351,1079,0 263,3,338,887,1
./dataset/imgs/clock_20200102_74_flip_type0.jpg 1569,5,1670,1079,0 1582,3,1657,887,1
./dataset/imgs/clock_20200102_74_flip_type1.jpg 250,1,351,1075,0 263,193,338,1077,1
./dataset/imgs/clock_20200102_79.jpg 992,4,1075,1074,0 991,422,1060,1072,1
./dataset/imgs/clock_20200102_79_flip_type-1.jpg 845,6,928,1076,0 860,8,929,658,1
./dataset/imgs/clock_20200102_79_flip_type0.jpg 992,6,1075,1076,0 991,8,1060,658,1
./dataset/imgs/clock_20200102_79_flip_type1.jpg 845,4,928,1074,0 860,422,929,1072,1
./dataset/imgs/clock_20200102_81.jpg 567,1,662,1080,0 565,307,659,1079,1
./dataset/imgs/clock_20200102_81_flip_type-1.jpg 1258,0,1353,1079,0 1261,1,1355,773,1
./dataset/imgs/clock_20200102_81_flip_type0.jpg 567,0,662,1079,0 565,1,659,773,1
./dataset/imgs/clock_20200102_81_flip_type1.jpg 1258,1,1353,1080,0 1261,307,1355,1079,1
./dataset/imgs/clock_20200102_82.jpg 574,1,680,1080,0 565,292,666,1080,1
./dataset/imgs/clock_20200102_82_flip_type-1.jpg 1240,0,1346,1079,0 1254,0,1355,788,1
./dataset/imgs/clock_20200102_82_flip_type0.jpg 574,0,680,1079,0 565,0,666,788,1
./dataset/imgs/clock_20200102_82_flip_type1.jpg 1240,1,1346,1080,0 1254,292,1355,1080,1
./dataset/imgs/clock_20200102_83.jpg 837,1,1000,1080,0 834,429,970,1080,1
./dataset/imgs/clock_20200102_83_flip_type-1.jpg 920,0,1083,1079,0 950,0,1086,651,1
./dataset/imgs/clock_20200102_83_flip_type1.jpg 920,1,1083,1080,0 950,429,1086,1080,1
./dataset/imgs/clock_20200102_84_flip_type0.jpg 825,0,966,1077,0 822,2,958,645,1
./dataset/imgs/clock_20200102_84_flip_type1.jpg 954,3,1095,1080,0 962,435,1098,1078,1
./dataset/imgs/clock_20200102_85.jpg 871,4,992,1080,0 866,468,981,1079,1
./dataset/imgs/clock_20200102_85_flip_type-1.jpg 928,0,1049,1076,0 939,1,1054,612,1
./dataset/imgs/clock_20200102_85_flip_type0.jpg 871,0,992,1076,0 866,1,981,612,1
./dataset/imgs/clock_20200102_85_flip_type1.jpg 928,4,1049,1080,0 939,468,1054,1079,1
./dataset/imgs/clock_20200102_86.jpg 881,1,985,1079,0 883,463,979,1077,1
./dataset/imgs/clock_20200102_86_flip_type-1.jpg 935,1,1039,1079,0 941,3,1037,617,1
./dataset/imgs/clock_20200102_86_flip_type0.jpg 881,1,985,1079,0 883,3,979,617,1
./dataset/imgs/clock_20200102_87.jpg 906,2,1008,1072,0 904,490,991,1077,1
./dataset/imgs/clock_20200102_87_flip_type-1.jpg 912,8,1014,1078,0 929,3,1016,590,1
./dataset/imgs/clock_20200102_87_flip_type0.jpg 906,8,1008,1078,0 904,3,991,590,1
./dataset/imgs/clock_20200102_87_flip_type1.jpg 912,2,1014,1072,0 929,490,1016,1077,1
./dataset/imgs/clock_20200102_88_flip_type-1.jpg 918,0,1013,1079,0 933,2,1016,590,1
./dataset/imgs/clock_20200102_88_flip_type0.jpg 907,0,1002,1079,0 904,2,987,590,1
./dataset/imgs/clock_20200102_88_flip_type1.jpg 918,1,1013,1080,0 933,490,1016,1078,1
./dataset/imgs/clock_20200102_89.jpg 910,1,1004,1080,0 905,539,992,1078,1
./dataset/imgs/clock_20200102_89_flip_type-1.jpg 916,0,1010,1079,0 928,2,1015,541,1
./dataset/imgs/clock_20200102_89_flip_type0.jpg 910,0,1004,1079,0 905,2,992,541,1
./dataset/imgs/clock_20200102_89_flip_type1.jpg 916,1,1010,1080,0 928,539,1015,1078,1
./dataset/imgs/clock_20200102_90.jpg 918,1,999,1080,0 915,538,995,1077,1
./dataset/imgs/clock_20200102_90_flip_type-1.jpg 921,0,1002,1079,0 925,3,1005,542,1
./dataset/imgs/clock_20200102_90_flip_type0.jpg 918,0,999,1079,0 915,3,995,542,1
./dataset/imgs/clock_20200102_90_flip_type1.jpg 921,1,1002,1080,0 925,538,1005,1077,1
./dataset/imgs/clock_20200102_91.jpg 918,1,1006,1080,0 916,542,1002,1078,1
./dataset/imgs/clock_20200102_91_flip_type0.jpg 918,0,1006,1079,0 916,2,1002,538,1
./dataset/imgs/clock_20200102_91_flip_type1.jpg 914,1,1002,1080,0 918,542,1004,1078,1
./dataset/imgs/clock_20200102_92.jpg 877,2,999,1080,0 873,564,987,1080,1
./dataset/imgs/clock_20200102_92_flip_type-1.jpg 921,0,1043,1078,0 933,0,1047,516,1
./dataset/imgs/clock_20200102_92_flip_type0.jpg 877,0,999,1078,0 873,0,987,516,1
./dataset/imgs/clock_20200102_92_flip_type1.jpg 921,2,1043,1080,0 933,564,1047,1080,1
./dataset/imgs/clock_20200102_93.jpg 874,1,1001,1075,0 874,575,984,1075,1
./dataset/imgs/clock_20200102_93_flip_type-1.jpg 919,5,1046,1079,0 936,5,1046,505,1
./dataset/imgs/clock_20200102_93_flip_type0.jpg 874,5,1001,1079,0 874,5,984,505,1
./dataset/imgs/clock_20200102_93_flip_type1.jpg 919,1,1046,1075,0 936,575,1046,1075,1
./dataset/imgs/clock_20200102_96.jpg 512,3,605,1080,0 513,710,591,1079,1
./dataset/imgs/clock_20200102_96_flip_type-1.jpg 1315,0,1408,1077,0 1329,1,1407,370,1
./dataset/imgs/clock_20200102_96_flip_type0.jpg 512,0,605,1077,0 513,1,591,370,1
./dataset/imgs/clock_20200102_96_flip_type1.jpg 1315,3,1408,1080,0 1329,710,1407,1079,1
./dataset/imgs/clock_20200102_97.jpg 289,2,377,1080,0 287,682,355,1079,1
./dataset/imgs/clock_20200102_97_flip_type0.jpg 289,0,377,1078,0 287,1,355,398,1
./dataset/imgs/clock_20200102_97_flip_type1.jpg 1543,2,1631,1080,0 1565,682,1633,1079,1
./dataset/imgs/clock_20200102_98.jpg 1259,1,1344,1078,0 1258,717,1333,1077,1
./dataset/imgs/clock_20200102_98_flip_type-1.jpg 576,2,661,1079,0 587,3,662,363,1
./dataset/imgs/clock_20200102_98_flip_type0.jpg 1259,2,1344,1079,0 1258,3,1333,363,1
./dataset/imgs/clock_20200102_98_flip_type1.jpg 576,1,661,1078,0 587,717,662,1077,1
./dataset/imgs/clock_20200102_99.jpg 1281,1,1384,1078,0 1284,731,1369,1080,1
./dataset/imgs/clock_20200102_99_flip_type-1.jpg 536,2,639,1079,0 551,0,636,349,1
./dataset/imgs/clock_20200102_99_flip_type0.jpg 1281,2,1384,1079,0 1284,0,1369,349,1
./dataset/imgs/clock_20200102_99_flip_type1.jpg 536,1,639,1078,0 551,731,636,1080,1
